-1.281258 1.675264
2.833269 -0.049191
0.591153 4.548294
4.096203 0.784663
0.506846 0.575468
3.564813 1.309575
-0.916017 -0.123100
-0.054663 -5.718100
1.032732 1.727219
0.016376 2.212054
0.095919 -4.511973
-1.253601 -1.205249
-0.770440 1.068013
-1.388499 0.649656
0.556860 0.556866
0.176652 -6.256224
-0.871322 1.011849
-0.511053 -2.686681
-0.831749 1.363762
-3.273650 0.849148
0.486443 -5.805776
0.820842 4.245089
-0.346577 -0.887865
1.783285 1.213854
-2.570127 2.204892
-1.250032 2.497277
1.205913 2.950728
-0.743245 0.671003
0.206102 1.769334
-1.109574 -1.615839
1.673623 -0.162847
-0.671662 1.361874
3.378331 0.439623
0.295970 -0.985881
2.110566 0.273109
-0.285736 0.981679
-1.198289 -0.656604
-0.084424 3.125418
1.487838 -0.055160
-0.829218 -1.972018
1.450028 -1.372777
1.792746 0.644086
-0.525904 -1.604108
0.260556 -0.482137
-2.246228 0.035152
3.913917 -1.124949
-1.892850 1.011819
-1.591913 2.903538
0.764721 0.540347
1.227583 0.821969
1.254036 0.284707
2.453456 0.837097
-1.645397 0.683796
3.982664 1.380771
-0.109838 -0.051616
0.513260 -0.431359
1.312855 0.720400
0.539106 0.203978
1.309864 -1.988949
1.916455 1.335284
-1.368780 0.497285
0.806012 -0.016951
0.032045 -0.876711
-2.015361 2.795221
0.920964 1.998326
-1.771271 -4.816013
0.905041 -0.340941
-0.296312 -0.086315
2.024197 -0.041997
1.603808 -2.111089
1.990698 0.295014
1.000459 1.849566
0.963729 0.488795
-0.181519 -1.064921
-2.074224 -1.134464
3.047702 -0.622941
0.817387 2.151250
-0.420166 1.191084
0.204179 -1.316895
2.378001 0.038794
-1.172533 1.108114
3.056108 -2.015904
-0.021492 -0.009410
-0.837100 0.662841
0.395690 1.015771
0.024010 0.293623
2.939487 -3.184616
2.651078 2.641335
-1.576262 -0.183799
1.485900 1.981164
0.147388 -3.742552
-0.733116 -0.424277
4.571727 0.166306
-0.963548 -0.066570
-0.855985 3.493712
-2.225542 -4.300560
-1.819053 -2.527584
-0.375000 -0.427972
0.117598 -0.943380
2.460990 1.929424
-0.878007 1.151263
-1.255251 -1.128040
-1.481436 -1.234913
1.092040 -0.407829
2.905368 -0.113082
-1.228661 -3.422982
-0.846066 -3.555354
0.239362 -2.292445
0.491784 2.720175
0.422479 1.180426
-1.867465 -3.108312
-4.375215 0.343219
-1.292867 -2.941935
0.849175 -1.688842
4.385350 0.324885
1.301507 -0.451177
8.674400 -2.222676
1.242070 1.191525
-1.999319 -0.045267
-0.550541 0.983474
0.110415 3.470480
1.190920 0.421640
1.068729 -0.774942
3.515850 1.306031
0.200819 2.816786
3.008686 0.331786
2.149822 0.760397
3.339681 2.512717
0.096554 4.225698
0.320467 -1.040824
0.006984 -2.232295
1.739773 1.955896
-1.111971 -1.757997
2.219940 4.481871
-0.107191 -1.182965
0.914930 0.972612
-1.581256 2.314585
0.793050 5.454183
-0.113008 -1.856898
2.411125 0.269056
-3.575658 -0.289713
-2.177579 -1.928593
-2.529732 -1.242047
-1.432386 1.892425
-0.179563 -0.365953
0.310255 -0.241968
1.159708 -2.032377
-1.492313 0.997780
-0.986783 -1.450993
1.888814 -0.303452
-2.164348 2.640101
-1.587758 0.631835
3.467294 1.826601
0.068157 -3.779170
0.070791 1.595296
1.302893 -0.898520
0.248423 0.443972
0.564475 -1.310042
-2.411653 0.774348
0.425909 -0.213108
0.352917 -0.415770
1.341367 1.413704
2.023901 -1.166979
-1.932669 -2.248077
1.945847 2.024626
2.054146 1.267124
0.053537 -0.497910
-0.955636 -0.843353
-4.134807 -1.258486
0.929655 -0.297592
1.356671 -1.344084
-1.964104 1.519923
0.712758 0.360434
-1.209839 -0.341705
-2.556002 -0.303308
-0.995575 -2.071512
1.090838 -0.032314
3.440617 -0.216152
0.238384 1.269513
2.022580 0.319275
1.653650 1.941514
0.697137 -2.184913
3.637721 2.605230
-1.286254 -1.784662
2.016460 1.057606
-0.635499 0.960069
-0.749896 -4.656700
-0.434437 0.302611
0.814522 2.531948
0.660666 1.471355
-0.153200 -2.793980
-1.785197 1.633041
-1.053428 -1.928587
0.324185 1.419458
0.712524 -3.640189
-1.166666 -2.839919
0.369456 -0.491273
-1.066833 1.142628
0.858057 -0.298117
0.054218 -0.735701
-0.309159 4.117762
1.144187 1.149446
-5.789132 5.196605
3.453800 -2.345737
-1.457440 -2.230579
0.226672 1.634766
-2.534343 -3.085129
0.645294 -0.954701
-1.413292 -3.955944
0.937891 -0.440355
1.482229 0.658436
0.212105 0.715370
-1.297863 -0.612784
1.566603 0.951886
1.849110 -1.941821
-2.899955 3.526293
2.274508 1.038082
1.130563 1.867929
-0.030364 -1.378105
1.543488 -0.322515
3.282373 1.340116
3.234089 -0.630140
3.189624 -0.095438
0.046830 -0.052854
1.979910 1.579190
0.200335 2.236428
0.197541 -0.862948
-0.986629 0.248228
-3.595534 4.541987
3.092208 0.591282
1.993035 -0.021546
-0.665319 0.730570
-1.021619 -0.003147
-2.163054 -2.755538
-4.313721 4.216038
2.070729 0.149745
0.844242 0.824212
-2.807394 -2.513523
0.070943 0.526215
-1.304797 0.786116
0.462491 2.230302
1.603525 0.108053
0.679492 1.189644
0.400893 2.197481
-0.148701 0.804572
-1.940365 -0.044023
1.663201 2.349282
0.133375 0.308869
-0.507738 -0.154999
1.543477 -2.317981
-1.352095 -0.964725
-2.119063 -0.804814
1.838023 -1.685977
-0.874286 -1.403111
-2.272994 -1.864486
-4.263623 -1.188170
0.765764 -1.314689
-2.190477 1.388694
-1.631937 1.224207
1.768019 2.387856
-1.069289 0.237121
-1.490826 2.873652
3.397331 0.736102
-3.306936 -1.045928
0.083074 -2.125692
-1.092773 0.032495
-7.330673 2.926403
-1.761493 -0.969992
0.678626 1.832147
-4.424592 -0.002718
-1.679089 -0.254987
-0.479005 -0.236306
1.026583 1.285817
-0.604954 -0.753805
3.515156 0.909276
0.281364 0.610645
-1.800344 -0.983446
2.137228 2.260660
0.988878 -0.741730
-0.582621 0.295958
-1.430981 0.539892
3.418572 4.931387
-3.431741 -0.759888
0.887159 -1.045079
-0.783867 -0.436412
-3.260514 0.833047
-3.209977 1.089450
0.957251 -1.131522
-1.504674 -1.080479
-2.139424 -0.675923
1.419790 1.102799
-1.248291 0.791230
-4.844250 5.463251
2.752887 1.311998
0.972477 -3.149528
-0.869600 2.068853
0.325395 -0.085050
1.605687 -1.899770
-1.687703 -1.250760
1.552308 -0.742700
0.927160 3.414612
2.774715 0.732262
0.584193 -2.071323
2.020643 -1.784082
1.168450 0.065240
-1.107196 0.699766
-1.314130 2.151781
-0.883332 1.076366
2.426485 -1.387684
-1.321568 -3.597978
-1.670254 0.832049
-3.753791 -2.439548
2.391276 2.792338
-0.174822 -2.110461
-1.349493 0.202208
1.143676 -11.189913
0.600930 0.714617
0.817617 0.649616
2.733642 0.913469
-1.959566 3.863155
1.112488 2.805921
2.280092 0.369595
0.952226 -2.288472
1.189333 -0.495962
2.810404 -1.444781
0.888273 -1.021101
1.755490 -1.844345
0.326206 -1.147987
-0.199661 0.230832
3.032761 2.065373
-0.766565 0.151650
-2.576378 -2.511605
2.860109 -1.231281
-0.403807 -1.706982
1.629708 0.400778
4.477975 2.420291
-0.221819 -1.337403
-1.557636 -0.749452
1.880483 -1.589481
-2.822970 2.716847
2.492006 -1.328865
1.642853 5.343247
3.657360 -1.972446
-0.156552 -1.148959
-2.030060 0.745983
3.747161 -3.068891
-2.095731 -1.249705
-3.209017 0.554988
0.372657 -2.591453
4.058371 -2.326729
2.125019 1.129533
-0.253990 -1.050315
0.464094 -0.306722
-1.789916 -0.590932
-1.260863 2.796509
-0.500468 1.339833
1.549588 0.188805
-1.318322 -1.538891
-1.535197 4.246392
0.137429 2.468774
1.285383 -2.830179
0.181772 2.962454
0.043604 -0.389371
-1.571690 -0.964730
-1.825214 0.871060
-2.309945 -0.855764
-2.259188 0.830281
-0.530008 -3.025133
-0.784355 1.590550
-1.506889 -2.249517
-0.658717 0.539056
0.845964 0.652358
-2.285544 0.057959
-2.292290 1.135007
-3.359346 -0.350494
0.908449 -1.131165
2.117398 -2.524778
-1.830950 -1.231741
1.030772 -1.015217
-0.408561 -0.659201
0.388319 -0.054564
-1.605617 3.883869
-0.594851 0.850420
3.836807 3.988899
-1.601767 3.365277
-2.237383 1.978171
0.143849 -2.536601
-0.133147 -1.916494
0.813563 -0.793890
2.878221 4.174628
0.346726 -2.498708
-0.922252 -2.024564
-1.802319 -0.206615
-0.912908 -1.998941
0.081850 0.192851
-2.324968 5.015521
1.976982 0.147498
-1.295885 0.400053
-0.299078 -3.254822
-1.711833 -2.224654
0.161690 1.738170
-2.027461 2.858677
-0.942352 4.781476
0.113003 0.759575
-0.146291 -1.577795
-0.023546 -1.960344
0.503735 1.629153
-0.843483 -0.857575
2.165814 -2.571642
-0.983905 3.794924
-0.481926 -0.656652
0.166415 -2.582018
0.810477 0.232229
0.747187 -2.119202
-0.225273 -1.640927
-2.196954 -0.818428
-1.639788 3.121955
-2.127855 1.206202
-2.413707 -3.058860
-1.423262 0.408202
-0.423034 3.477852
-2.117297 -1.830753
-0.407900 0.610728
-1.726587 -0.236693
0.572402 -0.618523
2.391020 4.475576
0.476875 0.223894
-1.586488 -1.684546
1.550055 -1.490330
2.538851 -1.975014
3.138786 -1.991433
-0.238580 0.026939
-1.131091 0.438216
-0.377379 -1.454952
-3.005336 -1.322767
-0.717416 -1.792345
-0.056093 0.456055
0.814019 0.512226
-3.387677 -1.843759
-2.245194 1.698018
-1.810326 1.848847
1.038559 0.643400
-0.183250 0.092255
0.607483 -2.178173
3.808268 -0.535349
-0.624479 -0.576773
-1.834417 0.233601
-2.852308 -0.456733
0.182924 1.393508
-1.780047 2.343537
3.497784 2.481686
0.796414 0.315956
0.745725 2.929092
2.211739 -1.417541
0.828348 -3.970931
-0.950126 0.456163
-0.205553 1.729513
0.698848 -0.633063
-1.271642 -1.382065
1.188436 1.863016
-2.590206 0.255070
1.322099 0.007153
-2.774936 2.932185
-0.174642 0.903806
1.913999 2.946637
1.012208 1.059245
-2.129456 -0.004735
1.039052 -0.273904
-0.612179 -1.151632
-2.967608 -3.122605
3.100592 1.142361
-1.009766 1.345532
2.244117 1.577213
1.042868 -3.363241
4.123311 -2.279108
0.723381 -1.033601
0.076258 -1.943821
-1.660482 -2.022020
-1.032523 1.503738
-0.581714 -2.522725
2.213844 2.267183
-1.599250 -0.354590
-1.736474 -0.450436
-3.300356 -4.125954
-1.810450 -1.065646
0.099342 1.449421
-1.438916 -4.152283
-0.759281 1.586762
1.557621 0.884593
5.039787 0.707895
-2.918620 -0.791092
-1.795817 0.821658
0.260959 1.882285
0.402535 4.400898
-1.400624 -1.255267
-0.268161 -0.256310
2.135961 -3.661668
-1.750304 -1.173556
-0.669849 2.430897
3.726589 -1.839818
1.029209 -1.163288
-1.822377 0.430004
2.748485 -2.089188
-3.190120 -0.028651
-1.568041 2.549558
-0.730361 -1.776644
-0.812602 -0.876316
3.488005 2.901797
-0.120393 1.256405
0.857593 -2.124403
3.856651 -0.422941
-0.631130 0.482784
-1.511959 1.441061
1.790199 -4.592751
0.594966 0.309881
-5.461278 3.684425
-2.660785 0.819698
2.751882 -0.890122
-0.372636 -3.777004
1.705787 3.175221
-0.949128 -1.359945
-3.768950 -2.437176
-0.674511 0.619926
-3.220101 -4.463433
-0.580067 2.298880
-2.447703 3.108216
1.423400 4.154481
0.274258 -1.817839
-2.643931 4.596825
1.603555 -2.776591
-1.902581 -1.450469
-2.664439 -0.023686
-3.892412 -0.421919
-2.405009 -0.667823
0.908346 0.149183
0.116487 2.640316
0.380733 -2.500507
1.987799 0.200992
0.549695 -3.828404
0.414243 2.654034
2.056132 2.451720
1.851100 2.960962
-1.251906 0.427273
0.295436 -3.622529
-0.187947 4.059829
2.230039 -1.543403
2.003306 -0.467935
0.109628 -0.176133
2.213931 -0.523754
0.141502 1.398568
-3.042667 0.331270
-0.807931 1.928243
0.863058 2.649617
2.996042 -0.176078
-0.451061 -1.386053
2.267327 0.231707
0.833445 0.449634
2.856725 -0.650973
0.378933 -2.086487
-5.597245 -2.821430
-0.419024 -0.583411
0.944333 2.048319
-2.143044 -8.629329
0.075812 -0.421987
-1.737723 -0.971655
-1.589869 -1.824400
-1.369877 -3.216348
3.248691 1.069413
4.114251 -2.867175
-0.428295 -1.492127
0.976706 1.243482
-1.321634 0.298579
1.867383 0.425634
-1.149066 0.472513
2.838341 -5.638529
-1.702752 -2.456513
-0.138084 1.888213
-0.302095 -1.838476
1.891560 -5.336057
-2.394083 -0.057843
0.455683 4.677830
-2.183339 1.624786
1.010592 1.564612
1.193125 -1.019893
-1.606327 4.849742
-1.516236 1.500517
-2.432109 -1.881856
2.569740 1.109716
-1.313991 1.264602
1.607233 4.620569
0.040610 0.136499
-1.897164 -0.824775
-2.629804 -1.928553
-0.940297 0.161003
1.679394 5.636727
-3.157601 0.648769
-0.031441 -1.518579
4.491316 0.736000
1.335867 -2.494805
1.706163 -0.509237
4.631695 0.319147
1.251094 -3.847738
2.837655 -0.658547
-1.421453 3.581833
2.710534 -0.149670
0.526141 0.916352
-3.623787 -0.132649
1.282096 2.641689
-1.504621 -0.929045
0.162434 -1.280471
-1.217384 -0.407090
-1.590134 -2.408921
2.064652 -1.121793
0.133979 2.177322
-2.003531 -0.591483
-0.384372 -1.048399
0.017526 -0.363742
0.306924 4.398912
-0.712595 0.214800
0.124758 0.921175
0.654828 -0.246780
2.333997 1.712766
1.084885 0.476459
0.084460 0.240598
-2.249746 -1.978948
2.357936 -0.887331
-1.580477 -1.175372
-0.528310 -4.269543
2.484486 -1.275927
0.629244 2.694357
1.092397 -1.185119
-1.828667 -1.708864
1.242437 -3.266538
-0.178681 -0.906256
0.444877 5.298634
-0.646746 4.216742
-0.115280 -0.658405
-0.007238 0.193972
0.091869 -3.655188
-1.554844 5.075408
1.915927 -3.950747
0.297147 -1.057881
-0.504320 -0.247272
-2.810508 -1.978772
-2.913279 -0.321562
2.032161 -2.317415
-3.571664 3.138937
3.827252 -0.859958
-0.474254 -2.063031
1.293002 -0.612622
0.525326 0.672861
2.945617 -1.481162
-1.636716 -1.064769
-1.246461 -2.600777
0.563436 0.106780
2.398085 -3.857003
0.154629 1.745924
-0.624277 1.750067
-0.392541 -3.154651
1.814472 -0.038432
-1.078185 -2.648335
-0.335846 1.148932
1.228898 1.178306
-2.517632 2.453355
-0.669795 1.477350
-0.068813 3.117127
1.395112 1.182179
0.323925 0.394871
1.433084 -0.777640
-0.478864 0.315114
1.174410 0.373020
1.360399 -0.303523
0.236503 -2.134696
1.147598 0.075303
-0.639653 -0.101659
-2.311169 -0.073258
1.627945 2.003885
1.246355 -0.732135
-0.736722 1.377140
-1.243957 3.458227
1.266139 -2.876183
-1.759172 1.963956
-1.614537 1.010578
-0.974397 1.602352
-0.646584 0.319593
2.318896 1.482911
-1.784322 2.576995
-1.840257 2.876257
-2.694892 0.925373
0.258584 -0.071077
0.536320 -0.453852
-0.827063 -2.199900
3.690037 -2.779088
1.177235 0.084266
-1.353773 -0.757287
-1.641211 0.724922
-5.886448 1.626308
2.399162 -0.449566
-0.067948 0.426216
-1.696142 0.045340
-0.693891 1.417398
2.210025 -1.958331
-1.481266 1.423173
0.414286 -2.521979
2.117341 -3.165960
1.069434 -2.601469
4.824134 -1.083435
0.695264 2.341469
-0.003212 0.350681
-1.337195 -2.150639
-5.036039 4.998952
2.709151 0.467158
-1.284469 -1.911760
0.802415 0.416607
1.239120 0.701936
-1.715477 0.681654
0.391525 -2.889567
3.681774 -0.003136
1.539867 1.592645
-1.040076 -3.736963
2.339485 1.373855
-2.467733 1.500016
1.742578 1.535818
-2.463231 0.779787
1.935542 2.055230
1.329213 -3.424048
-0.350532 3.549621
-0.847434 -2.551699
-1.514057 0.716920
-2.156131 3.833409
3.810862 -1.052069
0.869873 0.780068
1.317522 0.217196
3.007924 0.494216
1.548408 -4.132385
1.434192 -4.108196
-0.129680 2.097163
1.705665 -0.257423
1.439155 0.566312
-1.780350 0.162222
-1.138676 -0.131312
-4.573969 -2.755155
1.018520 -1.061393
1.883895 -1.818354
0.882623 -3.793920
2.022703 1.198874
-0.161007 -0.195849
2.541352 -1.749615
0.256646 1.641208
-5.176015 3.035741
0.390442 2.550702
-0.779725 -1.696403
-2.275502 2.128823
-0.485566 -0.285325
3.160798 -0.231599
0.999844 2.473832
0.172409 9.933881
3.894612 0.758614
-2.369437 -0.159096
1.975330 0.319433
-1.415446 -3.714305
-2.147186 -2.265441
-0.513980 -0.423457
-0.841953 -1.892474
-0.469155 -1.876879
0.289641 0.293153
-1.526500 -0.021044
0.172183 -1.339413
-2.342227 1.002321
0.930329 0.478257
2.038026 0.617304
2.071948 1.381501
-1.414050 -1.629316
-0.259651 -4.813066
-2.958084 -0.436418
1.471750 -3.580026
0.248419 -1.331278
-1.787608 2.237645
-0.223811 2.568589
0.246151 -3.254530
0.673267 -1.818511
-0.764554 2.428689
0.339682 0.547093
0.869601 1.985435
-2.131005 1.226953
4.297915 -1.337808
0.242809 -0.842114
-0.297620 0.276499
3.820373 0.826511
0.542577 1.918504
-0.145622 0.456289
1.045596 -1.165069
-2.755184 -0.051975
0.059304 -0.219801
-4.440988 -0.335547
-2.471968 2.503725
3.826130 -0.239136
-0.309441 -3.032305
-0.653233 0.927875
-0.934564 0.171380
-3.816102 1.053133
-1.723472 3.286780
1.343515 0.746372
0.423830 -1.519421
-1.623339 3.995273
2.497494 1.347071
0.894101 -1.746497
-0.044370 1.395443
-2.118309 0.595261
-0.783623 2.825666
-0.931190 -2.815102
0.156452 -1.039720
-0.912602 0.007180
-0.263383 -1.097163
0.693886 1.246631
-1.052299 -1.116968
1.582492 0.922223
0.942796 -0.340115
-1.192433 0.973014
-0.618377 -1.059005
3.252410 -1.761313
1.568212 -0.806798
-2.301324 2.884513
0.486013 -6.360415
0.795236 -0.702720
-4.023019 -1.280462
0.342743 -0.508888
2.207049 2.317208
-0.768143 -1.231389
-2.172576 1.081800
-1.506498 -1.160510
0.198417 1.231940
0.847063 0.996708
-4.413045 -0.641097
1.438380 -0.921319
2.895417 0.030346
-0.223555 1.196055
2.027829 2.848190
2.225158 -0.297312
-1.560568 -2.438712
-0.514835 -1.660253
-0.354419 -0.039886
-1.514704 -2.038441
-3.713646 0.433661
-1.795578 -0.636448
-1.012104 -0.040993
2.019747 -3.327746
1.240877 -2.258837
3.422683 0.090520
-0.251449 -0.994966
-1.038882 0.450316
4.004419 0.595615
1.370317 1.041268
-1.241749 -0.135900
-1.341397 -2.574549
-1.149019 -1.397740
-3.217502 2.024765
-0.369068 2.237950
1.477361 2.340253
-0.860382 -0.224910
-3.608055 2.393789
-0.581399 -4.018333
-0.812954 -2.651850
0.785430 1.365058
1.369855 -1.237856
-3.549582 -0.210947
2.503279 0.768265
-1.911038 4.689524
-2.039774 1.907767
2.202915 1.725506
-1.182145 -3.254527
-2.900290 -2.070875
-1.149114 2.418696
0.009674 0.439319
-0.290679 -0.099210
-1.326289 0.954205
1.488605 -2.244940
-3.247407 -0.847164
-2.276676 -0.763972
0.368398 -0.520758
4.023757 -0.950431
0.155705 -0.262334
-0.561679 3.798266
0.011056 0.659567
3.135200 1.537353
0.454966 0.914128
-0.967574 4.666478
1.615403 -2.812527
0.411414 0.399601
2.976063 0.737901
-0.844491 0.094621
-0.622206 -2.506877
2.028874 -0.924543
0.321968 2.916456
-2.653071 0.644637
0.216999 -1.535420
0.559061 0.022642
-3.316980 0.863461
1.157974 0.605877
-0.680055 3.612759
-0.763000 -1.924647
-2.094244 1.452080
-0.885207 1.091126
1.358833 -1.115124
-0.506151 -3.270697
1.519300 0.636387
2.989399 1.945726
-0.246253 -1.493993
0.045712 -2.003604
-1.560865 0.831909
-0.558763 2.159726
3.316827 -0.394348
4.764571 -2.663824
-4.989012 -2.169795
-1.618568 1.537974
-5.772096 2.553027
-0.130027 -3.012947
2.490850 0.165130
-0.416698 -1.924306
-1.514573 0.677508
1.604160 0.518697
2.644510 3.541944
-0.121215 -1.260326
-1.132316 1.531698
0.831455 -0.835785
-0.804641 -2.359460
-1.302795 0.539634
1.761058 -1.329425
0.590411 -1.960850
1.555149 -1.556961
3.586591 -2.033836
0.906943 0.214536
-0.750250 2.519204
0.120284 -4.719679
-0.880123 2.918175
0.669736 -0.885391
-0.200027 0.874727
-0.428118 0.800220
-1.183193 0.444812
-0.469825 -2.128030
-0.055300 -0.740123
0.191172 -0.857154
0.512789 4.498371
-0.293082 3.468858
-0.274419 -2.398213
-0.072651 -0.045704
-0.633173 -0.700651
-3.347845 1.369187
-1.237273 -1.607125
3.369977 -7.477866
4.338482 0.526263
-1.402513 0.027613
-0.864515 -3.882506
0.870076 -0.232237
-0.480406 1.178560
3.451351 0.056395
-1.712829 -2.449268
-0.929087 -1.691397
0.916324 -0.728150
-2.930498 2.292892
-2.827964 -0.237879
-4.016909 -2.269125
1.672689 3.297121
1.329703 1.024484
-3.648253 0.853896
-2.335340 1.377626
-0.703745 -2.259353
-1.264542 -0.687581
-0.248027 1.184298
-0.885113 1.958022
-0.013596 0.054950
1.178351 -3.595625
-1.109721 -0.326153
-1.272320 1.762962
-0.138948 2.144379
-1.839913 2.373368
1.861756 -3.628943
0.491267 -1.062309
4.671948 0.234141
0.754717 -1.843065
0.144793 -0.161594
3.270452 -0.227336
-0.326571 0.108222
0.100652 -1.421116
-0.881614 1.134648
1.132577 -1.781192
3.658791 0.436806
-1.637834 0.653194
-0.002456 1.908491
-0.363629 -4.691995
2.515470 -2.253212
-1.994676 2.903801
3.277797 1.240530
-1.808157 0.816386
0.093094 -1.994207
-0.982330 -2.338993
-0.057035 2.679564
-1.005107 -1.002960
0.767329 1.432199
1.812922 0.604240
-0.451923 2.373871
-0.898929 1.269037
-1.417205 -1.351562
-1.192131 -0.539494
0.038908 0.960848
2.526271 -2.024526
-0.307799 -2.204587
-1.872385 -1.296031
0.680171 0.293632
0.051202 1.957787
-1.494611 2.137353
-3.614168 -0.284620
-1.170328 -2.441333
-2.127637 -1.302064
0.267461 -2.309200
-0.061968 -0.151739
0.731959 -1.866970
-0.507704 1.305818
-1.504444 -1.418749
2.465697 0.976958
0.723222 -2.720669
-1.918932 -0.658840
0.194827 -4.508823
-0.744348 -4.105358
2.010464 2.334977
-2.559616 0.759210
1.006028 1.100662
4.550874 1.727208
-1.596376 -3.018336
-1.534287 0.894159
2.066901 0.595251
0.553026 -0.677357
-0.306534 -2.133533
0.292483 0.031370
2.646403 -0.514396
1.865768 -0.644270
-1.868810 -0.528504
-1.821818 0.711935
-0.635663 1.362634
4.891127 -0.012283
1.245955 -0.580710
0.411293 1.547958
2.675719 -0.982496
0.598065 0.318172
0.556575 0.012997
-0.191444 -1.132626
0.600226 -2.207369
-1.966043 1.907290
3.011399 0.580174
-1.355705 0.501061
-0.255913 -2.235472
3.567364 1.980279
-1.369063 0.397652
1.448117 -2.741972
-1.369869 -0.776894
2.540819 4.219703
2.409877 0.304906
0.168257 -0.593303
-0.622770 2.546618
-1.700343 1.166473
-2.654151 -0.890028
-1.619134 -0.209321
1.491828 -0.929778
3.166766 -1.258328
0.049241 -2.005140
1.734414 1.676442
1.805373 -0.082819
-0.997794 0.944085
3.336408 -2.867645
1.277484 -0.686389
0.723490 0.661673
1.287914 -0.305106
2.570270 0.103637
0.318516 0.278963
-2.458835 -1.309929
-3.730177 -1.327232
-2.167693 1.634664
-0.034163 -0.010794
-3.018235 -0.835422
-2.198442 1.055665
-1.246064 -1.635167
1.113919 0.871448
-0.326944 2.167093
2.656728 1.397719
-4.218969 -2.406566
2.753019 -3.279136
0.041394 -1.190221
-0.320649 2.676653
4.356091 -1.781312
3.634567 -1.804367
-0.296493 0.468384
0.033282 -0.622044
0.314053 -0.745079
-0.109679 1.411605
0.668721 0.463300
1.760906 -0.754254
2.767609 1.020059
-0.933221 0.919181
2.870918 3.064771
1.280078 -3.259743
-2.074283 2.737645
3.198248 1.617500
0.382826 -2.730179
-0.735539 6.669987
-3.914406 5.131908
1.308972 -3.502173
0.841835 4.736427
-3.521340 -0.844895
-1.247056 0.615401
-1.325219 1.057633
0.601011 2.084068
2.560350 4.847122
2.339779 -0.703336
-0.854891 -0.808348
0.110083 -1.269675
0.315591 0.296517
-0.456457 -1.742332
-0.433451 -2.402551
1.422832 -1.505862
1.130200 1.599961
0.489558 1.663738
0.136940 -0.991572
-3.858250 -0.493901
-0.204614 -1.378695
-0.467264 -0.253380
0.841445 0.960654
-0.509091 1.639211
1.033154 -0.439342
-2.523701 0.296704
1.105265 -2.973035
-1.985244 0.598183
3.042003 -1.764110
0.032331 -1.606924
0.986239 3.556904
-0.368065 3.778687
-1.016365 -3.471834
-1.823717 0.097479
0.334340 2.532499
-0.567059 1.453816
-0.196104 -4.649358
1.010174 -1.604085
0.264030 1.598847
-0.643138 0.147091
3.139001 -0.290538
-0.935637 2.026588
1.588184 -0.499955
3.075133 -1.976887
-1.430519 -0.306393
2.395757 1.666709
0.337141 2.404838
-3.258768 -0.988911
2.619656 -1.655160
-2.600379 0.696995
-0.452850 -0.941414
0.660396 -1.482094
-1.083776 -4.212022
1.850111 -1.430541
-0.097279 -1.883868
0.394051 1.671463
3.310642 -1.344529
1.950705 0.681123
0.120564 0.137645
0.655340 1.415208
-3.089165 0.384427
-1.988484 -1.362266
0.639621 -1.367762
-1.104458 -1.055230
-0.064522 -0.535945
0.227245 1.067005
2.922789 -4.689519
4.391084 0.592839
-0.172584 1.101304
1.992082 0.610515
-0.958095 -2.707648
-4.431765 -1.660207
-2.074592 3.021046
-1.894130 -0.190221
-2.013271 -0.996460
0.375620 2.734537
-2.182414 0.943212
-0.381447 1.717755
-1.376833 -0.144633
0.514554 -0.133731
-0.331023 2.819804
-2.844740 1.964833
3.252463 -1.751859
-1.735280 1.101792
4.102784 1.003066
-0.024099 -0.714300
-2.170295 1.099189
0.017166 0.499843
-4.768603 2.601913
0.987077 2.226636
3.912033 2.947005
1.273239 0.182502
1.486938 -1.698333
0.614697 1.714876
-0.297869 1.292751
0.159033 -2.405197
1.137650 1.086461
-1.241875 -0.481869
0.106238 3.537517
-3.258408 -1.251492
-0.934761 -1.536560
-2.278265 -1.844560
-1.181451 -4.854857
-0.049097 0.126044
-2.412686 0.246015
0.888398 -1.017150
0.347637 1.588985
0.455879 0.381326
1.208977 -0.111386
-0.673533 -0.929920
-4.775823 1.679779
0.854435 3.585921
-2.843767 0.443262
0.485470 -0.612199
-0.012633 1.541890
-0.689752 0.895748
-1.189468 -1.581231
2.929671 -0.966979
5.186575 3.593385
0.669099 0.344311
-1.516106 -0.028826
2.617651 0.600699
-1.274466 -0.702668
-0.170175 1.029066
2.713024 -3.357055
2.058654 -0.098448
2.451521 0.264074
-0.386044 -1.250139
4.365648 -1.291767
-1.604035 -1.690886
0.353815 1.020509
2.090121 0.055320
-1.964746 0.841359
-5.266120 2.776925
0.918502 -1.689356
1.695553 -0.722784
-2.053997 -0.025388
-0.417141 -1.144633
0.807454 -1.684099
0.286119 0.492123
-0.617659 -0.607030
-0.246119 -0.675150
-1.685798 -0.149836
4.234707 0.222504
1.038816 0.612669
0.877870 -0.825614
-1.408167 3.043236
1.011950 4.003637
-2.175588 -0.858120
0.225120 3.407562
0.714144 0.399470
0.301332 -2.568718
2.591775 -4.678121
-1.477120 -0.390720
2.133893 -0.611488
-0.005348 0.843246
-1.661505 2.480299
-1.147844 3.611805
-2.071346 1.540061
1.193090 -0.416183
3.373115 -2.247763
-0.966913 -3.918347
-3.135352 -0.212002
-0.424461 -2.915278
-1.905985 0.395508
2.940206 0.965284
-1.086612 0.510723
-1.592852 0.567444
2.176866 -0.337184
0.137688 2.261598
1.393578 1.792850
3.426413 -1.420089
0.445071 1.118808
1.104481 1.074420
-3.123575 -2.042438
0.320733 1.300275
-3.588122 0.971451
-1.514367 -1.014783
1.212979 0.353898
-3.062955 -0.854622
-2.339565 -2.872908
-2.900595 0.499214
-0.512398 -1.820127
-0.056471 -2.323403
0.212756 1.525205
3.014054 0.653645
3.492728 -2.905417
0.505862 -2.342983
2.449556 -0.528768
2.980300 -1.902392
0.554630 -3.316242
1.183384 -2.403641
1.773040 -1.346150
-5.824296 0.358557
-0.875866 0.007039
0.291365 -0.646231
2.505680 -0.508316
1.556117 -2.370129
-3.036155 2.513632
1.601037 0.906940
3.205907 -0.666724
1.293086 -1.263802
-0.856580 2.316769
-1.210138 -2.753325
0.573257 -0.416767
-0.414535 0.871137
0.863732 -1.262094
1.731314 -0.372694
0.363053 -3.162711
-1.895965 0.970826
3.648663 -2.273499
-0.372239 2.975271
3.512001 2.923583
1.473491 -1.707244
-0.996486 -2.401245
0.129875 -2.551813
-1.896603 1.456472
-0.572531 -0.976910
0.132761 2.234150
-0.088411 -1.906222
3.106828 1.503516
0.080320 2.458514
-2.612252 -0.674645
-1.512398 -3.709462
-1.411152 0.803718
1.258814 1.164932
-1.599147 -0.645380
0.929876 -1.666911
-3.382115 -0.894094
1.232504 1.031956
-0.198650 -0.668062
2.428099 -0.208760
1.620017 1.599280
-0.409578 -0.916855
-2.632017 -0.043122
1.042547 1.686469
-1.009928 -0.341834
1.344131 -1.206408
4.206489 -0.874317
-0.310089 -0.805314
-0.585052 1.127930
1.484606 0.865608
3.272250 0.247398
0.603782 0.644948
0.058740 -3.396285
-3.547809 -3.561193
-2.197699 0.718091
0.541645 -1.484682
-0.975370 -0.140850
1.342154 -1.414278
-2.846819 -3.089135
1.916835 -0.104952
1.791415 1.483617
0.431491 -1.478597
0.865960 0.011359
0.913043 1.047886
-0.452215 3.163419
1.740438 -1.918463
-0.893859 -3.640118
1.607131 1.746931
0.730319 -1.214835
0.297611 -0.401772
3.788209 -1.682926
-0.192671 2.212710
4.460441 0.667582
2.074581 2.091278
-3.219954 0.296259
-0.862308 0.903428
1.101288 1.190692
0.436950 0.970029
2.620960 -1.297794
2.713764 -1.700536
-3.136314 -0.495203
-2.446151 -0.726386
-6.502349 -1.075052
-2.243767 -1.956220
1.804441 3.224093
-0.816183 -2.626598
0.433842 0.980666
0.462346 0.141479
-2.358977 -2.730946
-2.759283 0.186512
-0.005236 0.954998
0.698273 -2.921058
0.506564 -0.187359
0.492392 1.496731
-0.353782 1.463388
3.403895 1.132546
0.058596 1.998701
-1.360731 -0.752946
-3.730183 0.271142
1.443193 -1.379651
-3.010173 -2.847801
0.823898 -2.214771
-0.381137 -1.079467
2.805049 1.589208
0.365930 -2.991226
2.625810 -3.074986
2.001777 -2.167410
-2.704831 -0.284457
-1.052138 2.055202
0.990385 -0.345474
-0.156085 0.150284
2.453101 -2.961122
2.679948 -0.111950
1.594506 0.714921
-1.378023 0.202601
2.044579 -0.020801
-0.011764 2.128071
-0.797287 -3.899772
1.470171 2.461480
1.101860 0.911427
-2.718662 -0.747756
-0.795683 -1.327697
-0.841847 0.519582
-3.870658 -2.143805
1.499183 1.608025
5.040051 0.539344
1.938667 -1.114801
-4.714881 -2.615742
0.145460 -1.863772
-1.437022 1.444665
-4.037636 3.227917
1.624155 -0.274767
0.940012 -0.292952
-0.155314 -1.220368
0.960519 -0.778157
4.485490 0.040470
-0.085599 1.217985
-0.769443 -3.210587
1.168710 2.801621
0.522510 -3.202795
-0.921085 -0.379276
-1.653381 4.170660
2.880528 2.069779
-2.004785 -0.814129
1.427215 0.498778
0.067178 0.423236
0.165030 1.543499
1.091437 -1.054535
2.949229 -3.302496
0.314045 2.934174
-2.897566 -2.906802
0.521341 -1.669055
-2.792639 -1.130619
-4.248697 -0.071683
-1.603360 1.396137
2.542443 -0.964435
-1.613742 -1.167728
1.162433 1.095399
-3.558328 4.204734
1.414930 1.605452
-3.778916 0.227717
-1.598338 -0.945082
1.748951 1.436537
1.262292 1.599680
-0.189661 -0.491530
1.232094 2.224062
-0.159268 -0.822020
4.069646 -3.491787
-0.739380 -3.054274
3.150017 -0.214877
-2.721142 1.629268
3.747500 -0.146242
-0.604908 0.184074
2.943906 1.983492
2.301682 1.879680
1.732463 1.034574
0.418800 1.732211
3.306345 -1.190737
-2.538666 3.275117
-1.259860 -0.781305
0.359317 0.907272
-0.783846 1.472477
1.160013 1.640533
-0.067180 1.561077
-1.148774 -1.411905
1.651676 -4.004489
0.564494 0.426189
1.554617 0.010463
-4.955485 -2.554806
0.257237 -4.178777
1.662618 -2.373285
-0.116278 0.509214
2.829865 1.612619
-0.297726 -0.505811
3.785070 -1.844751
-1.947251 0.793871
1.613045 0.167085
-1.853976 2.239245
2.363803 -0.299529
-2.504344 -0.301772
0.315392 -0.316265
2.110958 -0.160468
1.139546 -3.053871
6.437714 -0.480072
4.783841 0.196060
-1.144111 0.207271
1.106457 0.242326
-0.905180 -1.658640
-3.074613 2.542804
-3.514110 3.632621
-0.701307 -0.298760
2.521831 2.509544
0.320998 1.769683
-0.907302 3.107523
1.850307 2.884954
2.351244 -1.521737
-0.294811 -1.277507
-1.420103 1.679174
1.255312 6.116813
2.356976 1.184987
1.926284 -0.837381
3.159850 -1.053417
-1.538998 -3.239550
-0.009626 0.988581
0.831100 0.706769
-1.960323 -2.241593
-1.607938 -0.448935
-2.106280 0.146130
2.581974 -2.221036
1.429543 3.483122
3.328614 -0.072614
1.593157 5.587160
0.074766 -1.893168
0.961557 -1.796335
-1.551392 1.648091
-2.105238 0.620338
-0.758957 0.972781
2.864648 0.946557
-1.867287 0.829625
0.369309 0.719264
0.746463 -0.534468
0.578126 0.918208
0.891532 -2.108161
3.732342 -2.851989
-0.299229 -0.678008
-1.099594 1.502046
1.111752 -1.588836
2.144107 -2.552720
-0.892250 -0.057455
0.513850 0.413505
3.203101 -1.084773
-0.450339 -1.235908
-1.203295 2.432395
-2.403581 0.870317
-0.025927 0.478149
0.224590 -1.719189
1.735381 0.541988
-1.302297 1.830344
-4.053145 0.675945
0.052815 2.602904
-0.072968 -1.109335
-2.779612 -3.171098
-0.647383 1.072375
0.156660 4.069623
0.832200 -3.338959
2.657755 1.315991
-0.066268 1.421013
1.366257 2.570866
-1.729105 -1.233678
-0.066674 -1.071533
-2.422485 0.609629
-1.680819 0.596499
1.851322 1.208076
1.482741 6.105262
1.832868 -1.591737
-1.146560 1.271900
-1.375816 -0.110936
-0.393481 0.962539
-0.059554 -0.663235
-4.273571 1.876308
1.202581 -0.369662
2.031199 0.823277
0.119208 -1.353052
-1.709700 -1.570219
0.679153 2.041652
0.026733 2.917874
1.647321 -0.273662
-1.797036 -0.205502
2.511144 -1.844553
-0.857109 0.185552
-0.393994 -1.581514
-1.759918 0.375224
-2.917499 0.358841
-0.483355 1.327470
-0.009750 -0.102882
0.667410 -2.149552
0.430213 -1.221877
-1.513970 2.359027
1.180412 1.959950
2.506778 -1.526942
-0.605660 1.212935
0.335549 -0.730296
2.059809 -0.626496
-0.718796 -0.581391
1.121876 3.418749
0.003546 -0.668426
-0.958835 -1.846506
1.379843 0.143842
4.266615 1.487496
1.770078 2.105610
-3.418904 -0.877216
2.413134 1.433208
0.867783 -0.356998
-4.372678 5.012987
-0.926462 1.583825
1.316257 -2.398108
0.497556 0.510146
-2.850197 -0.508074
0.630759 1.116560
0.551360 -0.098409
1.573958 -1.388015
1.096775 -0.805447
2.610101 0.067287
-5.669406 -0.714891
-0.332766 -0.413181
0.037708 -2.464881
3.308751 -1.944652
0.813629 -0.523785
1.703543 -1.356060
3.409729 -0.146384
-4.276451 0.024642
4.103763 -0.281812
-1.025314 -1.271850
0.859946 -1.681088
-0.290803 0.478435
0.067887 0.747924
2.682499 -0.510854
1.410140 0.490256
-0.839135 -1.267108
-1.821360 -2.494022
-0.479437 -1.274819
-1.202181 -4.205370
1.511543 0.321666
-0.170458 1.614470
5.038882 -4.648852
2.095416 2.307452
-0.644508 -0.654058
-0.868174 0.229786
3.063228 1.565052
-4.355808 0.768348
1.412584 0.201429
0.316549 2.707615
3.512664 -2.002061
-1.109688 -2.093168
-1.904587 0.747941
-0.698949 -3.414951
1.790029 0.486956
0.228428 -0.649807
2.705849 -0.348024
1.113895 -3.154296
-0.198633 1.389063
2.130218 -0.856369
-2.061519 0.088415
0.017065 -1.932430
-0.236784 -2.638387
-2.505520 -0.323241
-1.839070 5.596894
1.314286 1.533466
-2.451364 1.028707
1.194325 2.026629
-0.624801 0.267963
1.506303 1.054927
2.997893 1.006635
-1.132428 -1.976290
-0.303502 -0.031817
2.494472 3.660285
-2.062900 -2.795117
0.670048 -0.067495
0.000657 1.869978
-1.499959 0.527019
-1.923397 -0.001045
-0.620501 -0.401367
-2.286365 -0.833326
-1.278134 -0.266938
0.372081 -2.899798
3.713084 -2.550362
-4.104170 2.764037
-1.201254 -1.003367
-1.136457 -1.097765
1.345955 -2.923709
1.577203 0.564613
0.146370 3.715639
1.462700 -1.997410
-0.480331 0.541672
0.336477 2.059882
2.965364 -0.454255
-0.073484 -1.436990
1.485453 0.967307
-2.032621 -0.997973
1.603168 0.506403
2.003499 -1.551042
-2.564479 0.194332
0.536746 -0.601393
-3.344979 -2.242112
-0.247042 -0.250485
-1.344892 -1.141629
-0.950340 1.375159
2.290426 -4.181433
3.532489 0.871468
0.836187 3.851767
1.686076 3.640550
1.214544 -4.799941
0.180887 -4.363261
-3.137456 1.509225
2.379696 -1.331450
0.480397 -0.480409
0.734649 0.466505
0.232089 -2.433973
-1.079019 -3.444146
-2.094833 -0.039845
0.015537 0.638224
-4.515385 -2.411722
1.489084 -0.583809
-0.696307 -0.061912
-2.689895 -1.982974
-2.134009 -0.283541
1.580933 -2.655605
-2.696749 -0.291761
4.055220 1.672575
-3.114181 -0.566073
-1.337708 1.672328
0.884620 0.585725
1.901377 -1.249932
2.139813 1.166937
2.350371 1.883443
-1.731697 3.322749
-3.242386 -3.928285
2.346208 -1.355005
2.830831 -0.213453
3.156796 -0.558466
-2.599127 2.340299
1.496761 -1.421982
-5.521884 2.005561
-2.976660 -2.776773
-1.576730 -0.602281
0.461489 2.110784
0.560766 -0.685581
-0.773795 -1.860979
0.381278 -1.307873
0.052396 -1.356499
1.590216 -2.130003
-0.072090 2.240869
-0.766520 -2.082724
1.088234 -0.569427
-1.619756 -3.636944
0.274022 0.838403
0.805268 0.614508
0.034372 0.525895
3.475383 -0.368927
-3.401203 0.068915
1.121916 0.306832
1.466648 -1.586567
1.896823 -0.899571
-1.638813 -2.475703
-2.175229 -0.445186
0.910457 -1.325808
-4.977138 -0.736134
3.355408 0.850992
-0.754485 3.026481
0.424609 2.383160
-0.088780 1.998444
-0.656836 1.559063
1.027929 -3.313314
-0.156020 -1.377038
-1.215532 1.119312
4.580872 -3.312963
2.447719 5.095935
3.098321 2.354684
-4.205096 -3.120963
0.356227 1.033091
3.519100 -3.974563
-5.502441 -1.348924
-1.432352 -0.836195
1.072481 3.279407
1.664305 -1.405594
-1.972891 -0.922586
-1.724204 -0.463287
1.288962 1.965431
-1.861732 -0.791279
2.561160 1.986420
0.214143 -3.650990
0.614091 0.681302
-2.824874 1.168467
2.211174 -1.611038
-2.870779 -1.986266
1.021786 -0.427270
0.800851 2.049124
0.287564 1.665044
-2.789248 -1.924385
0.407543 2.332620
-0.552911 1.079771
1.519270 -3.870702
-0.072652 -0.486707
4.485695 0.941387
-1.099846 0.883198
-2.600343 1.577799
-2.954614 0.760803
-6.193173 -3.034190
-0.841735 0.032853
0.184894 -3.890080
-2.371945 -0.024594
-1.392758 -0.542348
-0.665699 0.201841
2.614384 1.051691
0.392283 1.935105
1.975065 2.529689
2.012257 -1.569500
3.438686 1.063519
-4.484779 2.245322
1.517041 3.594763
0.063608 0.948845
-3.197408 1.459967
-1.742598 -4.378212
3.916126 -0.118776
1.564525 1.941625
2.258790 0.780481
-0.504380 -0.523149
-0.880014 1.781288
-2.953470 3.287060
0.219104 0.342053
-1.264051 0.489101
-1.899444 0.337166
-1.459818 -0.843739
0.203396 0.427767
-2.180283 0.187788
-0.350492 -2.864888
-0.524487 -0.948188
-0.541387 -0.733144
4.411028 -0.205182
2.001388 0.825378
0.028372 3.024073
3.079086 1.901959
1.672762 -0.644390
-0.842484 -0.906116
-1.744819 -0.124108
-1.831879 -1.331255
0.929928 0.438818
-0.777047 0.275119
2.408867 1.308528
-0.224501 0.348597
-0.493414 1.334043
0.883376 -2.135742
-3.785520 -2.687802
0.439136 -0.877489
0.692395 0.100075
-0.253747 -1.170361
-0.041454 -2.351755
-1.149272 1.246092
0.845603 -0.011690
1.764778 0.348021
-0.078962 2.709862
-2.459413 -0.179230
-3.553469 -0.082928
1.173245 -1.805073
-2.055253 0.508132
-5.396110 -0.257446
1.533878 1.196321
-5.291777 0.537641
-0.602520 -1.392807
-4.388351 -2.138635
-4.750916 0.507747
0.112715 -2.110850
0.021338 0.509076
1.115811 -1.241325
-1.845412 0.934392
-1.490999 -2.104473
-0.182071 0.671490
0.312647 -0.558741
-0.195334 -1.130845
-0.911841 -0.018134
-0.067433 -1.315154
-0.327112 0.620109
3.145272 1.947154
-0.938947 0.047947
-0.426919 -0.141257
0.638414 2.161259
-3.328722 -1.495625
1.855960 -0.800763
-1.870992 -2.593002
-1.969246 1.612856
-2.652838 1.396657
-1.777710 -3.513363
1.911314 1.241510
0.494545 -2.854762
-1.356691 -0.153116
0.394224 0.797348
-3.264628 -5.563039
-2.519773 -1.441125
3.286653 0.072685
-2.745794 -0.152981
-2.249095 2.680077
-0.713065 0.432365
0.475298 0.729691
-0.626461 1.120746
0.881168 1.167146
-0.828931 -3.236348
-3.008824 0.633271
0.374990 4.187702
0.638962 5.030131
-1.147249 -1.496372
2.281362 -0.503107
0.463056 -6.856515
-1.490624 -0.945220
1.438009 0.810824
0.030571 -0.147948
-0.698924 -5.459816
-1.049096 -0.618629
1.350470 -0.550009
0.182226 -0.176810
0.836673 -1.910846
3.753466 1.625687
1.956146 -2.495898
-1.544872 3.944554
0.109011 -1.406308
-0.922943 0.064308
-0.846497 -0.134571
-0.225470 -4.119728
0.862688 0.143935
-0.781366 -3.269393
-0.396107 0.933314
0.426618 -0.056446
-0.153609 2.279145
-2.929136 -1.152064
2.486235 1.383204
-1.814174 1.107489
3.188690 2.967158
-2.578048 2.336243
-2.137082 0.427460
1.312986 -1.277221
-0.522365 0.352783
-1.504803 -3.227508
-1.168953 -1.138834
0.173816 2.413502
0.625254 0.678905
2.791705 1.197710
-0.195326 0.905269
1.797083 -0.467434
-0.678229 2.030134
1.353384 3.780359
-0.038822 0.640137
1.792536 -1.920011
-1.292324 0.029683
1.045147 4.627361
-0.749183 -1.776024
2.130380 1.576948
-1.165595 0.266876
-0.415640 0.113271
-0.256208 -0.604574
0.110629 0.439715
0.835617 -1.994193
-2.461699 -1.952794
1.149956 -1.278950
0.257826 0.161948
0.332162 -2.099778
2.124203 1.140571
2.492572 1.060317
0.933511 -0.323433
-0.082342 0.870498
3.560720 1.413636
-1.689286 2.474643
5.411199 -2.846408
-1.404558 2.786771
-0.344925 -0.451535
-0.787167 -1.416444
0.276418 1.125205
-0.515982 -1.185385
2.607291 -0.632432
-1.287730 2.774899
-0.336859 1.145253
2.039064 -0.302832
-0.740372 2.503503
1.612387 1.610755
-0.107051 -2.355704
0.555947 1.496596
-0.676973 2.412048
1.836344 -3.028738
2.101323 5.262743
1.567868 1.473007
1.654584 0.990221
-0.475200 -0.435150
0.712683 0.359982
2.004163 1.105595
2.044801 1.392288
1.268501 -2.211311
0.034017 -2.308241
-3.606415 2.243343
1.533079 0.995162
-3.134986 -1.066340
2.269740 0.552629
-0.260525 0.024979
-1.134785 -5.272134
1.313172 -1.874121
-1.844537 -1.035120
-0.020781 -0.254242
-2.072889 2.504738
